   3.0970000000000000                            NaN
   4.0969999999999995        1.3370386057855225E-003
   5.0969999999999995       0.17779658982405996     
   6.0969999999999995        1.5329289074707546     
   7.0969999999999995        5.3181789152097219     
   8.0969999999999995        12.048531153446733     
   9.0969999999999995        21.521185519414214     
   10.097000000000000        33.182913468773322     
   11.097000000000000        46.372245338309270     
   12.097000000000000        60.541811891761945     
   13.097000000000000        75.232370455660941     
   14.097000000000000        90.101723860484668     
   15.097000000000000        104.93345613960021     
   16.097000000000001        119.58180037386354     
   17.097000000000001        133.82097230371662     
   18.097000000000001        147.76160252113237     
   19.097000000000001        161.30286993625091     
   20.097000000000001        174.36738195054633     
   21.097000000000001        187.09765119946314     
   22.097000000000001        199.37234843472686     
   23.097000000000001        211.23170782893166     
   24.097000000000001        222.88271907276467     
   25.097000000000001        233.92629317472381     
   26.097000000000001        244.87606371233065     
   27.097000000000001        255.44419713551409     
   28.097000000000001        265.55774250130281     
   29.097000000000001        275.63966893325176     
   30.097000000000001        285.43193116405564     
   31.097000000000001        294.74266762778689     
   32.097000000000001        303.98259871872494     
   33.097000000000001        313.25558729535749     
   34.097000000000001        321.97134504981790     
   35.097000000000001        330.46459671892273     
   36.097000000000001        338.96026191131864     
   37.097000000000001        347.51730166517865     
   38.097000000000001        355.55371156074051     
   39.097000000000001        363.37000028481492     
   40.097000000000001        371.16479243033933     
   41.097000000000001        379.04165386606036     
   42.097000000000001        386.78371748319216     
   43.097000000000001        394.09006672455246     
   44.097000000000001        401.26871232866796     
   45.097000000000001        408.45596583007142     
   46.097000000000001        415.72627494370641     
   47.097000000000001        422.98713450180122     
   48.097000000000001        429.80356282293491     
   49.097000000000001        436.45845405748759     
   50.097000000000001        443.08091378517702     
   51.097000000000001        449.75063519701894     
   52.097000000000001        456.51089106614859     
   53.097000000000001        463.23029154006457     
   54.097000000000001        469.54715286708290     
   55.097000000000001        475.71965783978146     
   56.097000000000001        481.85208028721195     
   57.097000000000001        488.01329713777324     
   58.097000000000001        494.24513581339994     
   59.097000000000001        500.56897136404365     
   60.097000000000001        506.72438434416432     
   61.097000000000001        512.56596519483048     
   62.097000000000001        518.29625485176359     
   63.097000000000001        523.99343026511599     
   64.097000000000008        529.71167897623718     
   65.097000000000008        535.48628811796516     
   66.097000000000008        541.33777514110182     
   67.097000000000008        547.27522415039584     
   68.097000000000008        552.86416932797522     
   69.097000000000008        558.27806714560734     
   70.097000000000008        563.60929697076040     
   71.097000000000008        568.91531901609289     
   72.097000000000008        574.23761817530840     
   73.097000000000008        579.60474919898320     
   74.097000000000008        585.03486760161047     
   75.097000000000008        590.53782473843182     
   76.097000000000008        596.03014107845263     
   77.097000000000008        601.19173399520912     
   78.097000000000008        606.23213709820811     
   79.097000000000008        611.20738954445687     
   80.097000000000008        616.16062044976354     
   81.097000000000008        621.12420119716751     
   82.097000000000008        626.12158060630429     
   83.097000000000008        631.16884319096107     
   84.097000000000008        636.27602794214408     
   85.097000000000008        641.44824149993997     
   86.097000000000008        646.54513412211736     
   87.097000000000008        651.36326725204265     
   88.097000000000008        656.08037518782703     
   89.097000000000008        660.73895561314600     
   90.097000000000008        665.37277196671528     
   91.097000000000008        670.00815286935574     
   92.097000000000008        674.66512115167552     
   93.097000000000008        679.35837145134371     
   94.097000000000008        684.09811432927734     
   95.097000000000008        688.89080346621608     
   96.097000000000008        693.73976094731722     
   97.097000000000008        698.56437118548104     
   98.097000000000008        703.10615602683254     
   99.097000000000008        707.55141214517801     
   100.09700000000001        711.93442086480479     
   101.09700000000001        716.28329953241337     
   102.09700000000001        720.62081360161449     
   103.09700000000001        724.96509485571073     
   104.09700000000001        729.33027469788215     
   105.09700000000001        733.72704115628233     
   106.09700000000001        738.16312777307246     
   107.09700000000001        742.64374195700350     
   108.09700000000001        747.17193973797839     
   109.09700000000001        751.74895320964868     
   110.09700000000001        756.17091019170073     
   111.09700000000001        760.40110807614337     
   112.09700000000001        764.55622156762547     
   113.09700000000001        768.66141841092167     
   114.09700000000001        772.73780479365792     
   115.09700000000001        776.80290292399525     
   116.09700000000001        780.87107943299020     
   117.09700000000001        784.95392873893854     
   118.09700000000001        789.06061540968813     
   119.09700000000001        793.19817937916230     
   120.09700000000001        797.37180764607399     
   121.09700000000001        801.58507582783147     
   122.09700000000001        805.84016267642426     
   123.09700000000001        810.13804039672561     
   124.09700000000001        814.38726185089627     
   125.09700000000001        818.39602199812032     
   126.09700000000001        822.33068707575444     
   127.09700000000001        826.21147188949578     
   128.09700000000001        830.05575002426110     
   129.09700000000001        833.87834871015991     
   130.09700000000001        837.69181705458300     
   131.09700000000001        841.50666953252448     
   132.09700000000001        845.33160661732040     
   133.09700000000001        849.17371438565544     
   134.09700000000001        853.03864485614019     
   135.09700000000001        856.93077872909737     
   136.09700000000001        860.85337209339912     
   137.09700000000001        864.80868855941753     
   138.09700000000001        868.79811816921062     
   139.09700000000001        872.82228432865315     
   140.09700000000001        876.88113990328213     
   141.09700000000001        880.73098821817734     
   142.09700000000001        884.46838600652563     
   143.09700000000001        888.14874863871489     
   144.09700000000001        891.78666316418730     
   145.09700000000001        895.39488110710658     
   146.09700000000001        898.98448791981605     
   147.09700000000001        902.56505883575528     
   148.09700000000001        906.14480197776902     
   149.09700000000001        909.73068957489409     
   150.09700000000001        913.32857812381508     
   151.09700000000001        916.94331830406952     
   152.09700000000001        920.57885542195697     
   153.09700000000001        924.23832111931665     
   154.09700000000001        927.92411704179335     
   155.09700000000001        931.63799111833623     
   156.09700000000001        935.38110706062560     
   157.09700000000001        939.15410764858791     
   158.09700000000001        942.95717232688332     
   159.09700000000001        946.68311753219268     
   160.09700000000001        950.22867894079411     
   161.09700000000001        953.71960440695568     
   162.09700000000001        957.16750929004240     
   163.09700000000001        960.58273341054610     
   164.09700000000001        963.97444491071531     
   165.09700000000001        967.35073681062863     
   166.09700000000001        970.71871664612377     
   167.09700000000001        974.08458957958828     
   168.09700000000001        977.45373537267585     
   169.09700000000001        980.83077960319190     
   170.09700000000001        984.21965949785431     
   171.09700000000001        987.62368473942468     
   172.09700000000001        991.04559359157486     
   173.09700000000001        994.48760466854162     
   174.09700000000001        997.95146465956384     
   175.09700000000001        1001.4384923007034     
   176.09700000000001        1004.9496188693316     
   177.09700000000001        1008.4854254593764     
   178.09700000000001        1012.0461772787960     
   179.09700000000001        1015.6318551945554     
   180.09700000000001        1019.0988859422245     
   181.09700000000001        1022.4272561006719     
   182.09700000000001        1025.7094457054823     
   183.09700000000001        1028.9541818820926     
   184.09700000000001        1032.1693430191738     
   185.09700000000001        1035.3620200191369     
   186.09700000000001        1038.5385737426598     
   187.09700000000001        1041.7046888217997     
   188.09700000000001        1044.8654240192127     
   189.09700000000001        1048.0252593112721     
   190.09700000000001        1051.1881398712903     
   191.09700000000001        1054.3575171257253     
   192.09700000000001        1057.5363870518320     
   193.09700000000001        1060.7273258798014     
   194.09700000000001        1063.9325233563925     
   195.09700000000001        1067.1538137205857     
   196.09700000000001        1070.3927045349180     
   197.09700000000001        1073.6504035092821     
   198.09700000000001        1076.9278434469172     
   199.09700000000001        1080.2257054353790     
   200.09700000000001        1083.5444403984527     
   201.09700000000001        1086.8842891182167     
   202.09700000000001        1090.2453008300681     
   203.09700000000001        1093.6273504872174     
   204.09700000000001        1096.7912100636252     
   205.09700000000001        1099.9086015403886     
   206.09700000000001        1102.9887611515051     
   207.09700000000001        1106.0380709610592     
   208.09700000000001        1109.0623599808032     
   209.09700000000001        1112.0669396277217     
   210.09700000000001        1115.0566372263961     
   211.09700000000001        1118.0358276353631     
   212.09700000000001        1121.0084630779852     
   213.09700000000001        1123.9781012586939     
   214.09700000000001        1126.9479318450083     
   215.09700000000001        1129.9208013947471     
   216.09700000000001        1132.8992368062654     
   217.09700000000001        1135.8854673676663     
   218.09700000000001        1138.8814454786982     
   219.09700000000001        1141.8888661165965     
   220.09700000000001        1144.9091851145220     
   221.09700000000001        1147.9436363185446     
   222.09700000000001        1150.9932476863264     
   223.09700000000001        1154.0588563878512     
   224.09700000000001        1157.1411229657576     
   225.09700000000001        1160.2405446100074     
   226.09700000000001        1163.3574675989562     
   227.09700000000001        1166.4920989561583     
   228.09700000000001        1169.6445173696543     
   229.09700000000001        1172.8146834180088     
   230.09700000000001        1175.9472626336546     
   231.09700000000001        1178.9113745950237     
   232.09700000000001        1181.8393438481407     
   233.09700000000001        1184.7362932590354     
   234.09700000000001        1187.6069599678513     
   235.09700000000001        1190.4557171172858     
   236.09700000000001        1193.2865945374288     
   237.09700000000001        1196.1032984216915     
   238.09700000000001        1198.9092300295742     
   239.09700000000001        1201.7075034525892     
   240.09700000000001        1204.5009624800118     
   241.09700000000001        1207.2921966010229     
   242.09700000000001        1210.0835561795957     
   243.09700000000001        1212.8771668380075     
   244.09700000000001        1215.6749430841330     
   245.09700000000001        1218.4786012170384     
   246.09700000000001        1221.2896715443860     
   247.09700000000001        1224.1095099442480     
   248.09700000000001        1226.9393088029376     
   249.09700000000001        1229.7801073593062     
   250.09700000000001        1232.6328014849305     
   251.09700000000001        1235.4981529284614     
   252.09700000000001        1238.3767980512819     
   253.09700000000001        1241.2692560804851     
   254.09700000000001        1244.1759369041215     
   255.09700000000001        1247.0971484324862     
   256.09699999999998        1250.0331035482211     
   257.09699999999998        1252.9839266668760     
   258.09699999999998        1255.9496599286344     
   259.09699999999998        1258.9302690408172     
   260.09699999999998        1261.9220363050836     
   261.09699999999998        1264.7199118205465     
   262.09699999999998        1267.4858902663771     
   263.09699999999998        1270.2238922268218     
   264.09699999999998        1272.9375786822145     
   265.09699999999998        1275.6303639178457     
   266.09699999999998        1278.3054278883944     
   267.09699999999998        1280.9657280532990     
   268.09699999999998        1283.6140106988807     
   269.09699999999998        1286.2528217634540     
   270.09699999999998        1288.8845171819237     
   271.09699999999998        1291.5112727664407     
   272.09699999999998        1294.1350936396902     
   273.09699999999998        1296.7578232373385     
   274.09699999999998        1299.3811518959737     
   275.09699999999998        1302.0066250426632     
   276.09699999999998        1304.6356510019514     
   277.09699999999998        1307.2695084358320     
   278.09699999999998        1309.9093534318331     
   279.09699999999998        1312.5562262540031     
   280.09699999999998        1315.2110577711389     
   281.09699999999998        1317.8746755761838     
   282.09699999999998        1320.5478098103238     
   283.09699999999998        1323.2310987047874     
   284.09699999999998        1325.9250938529788     
   285.09699999999998        1328.6302652250731     
   286.09699999999998        1331.3470059367942     
   287.09699999999998        1334.0756367836116     
   288.09699999999998        1336.8164105511626     
   289.09699999999998        1339.5695161123190     
   290.09699999999998        1342.3350823208182     
   291.09699999999998        1345.1131817110138     
   292.09699999999998        1347.9038340129059     
   293.09699999999998        1350.7070094911633     
   294.09699999999998        1353.5226321165342     
   295.09699999999998        1356.2025736845394     
   296.09699999999998        1358.8156599052938     
   297.09699999999998        1361.4039578404931     
   298.09699999999998        1363.9702637526236     
   299.09699999999998        1366.5172082930899     
   300.09699999999998        1369.0472638279459     
   301.09699999999998        1371.5627514882422     
   302.09699999999998        1374.0658479520191     
   303.09699999999998        1376.5585919652003     
   304.09699999999998        1379.0428906086875     
   305.09699999999998        1381.5205253191216     
   306.09699999999998        1383.9931576708245     
   307.09699999999998        1386.4623349263948     
   308.09699999999998        1388.9294953634385     
   309.09699999999998        1391.3959733848847     
   310.09699999999998        1393.8630044202080     
   311.09699999999998        1396.3317296248197     
   312.09699999999998        1398.8032003847711     
   313.09699999999998        1401.2783826337331     
   314.09699999999998        1403.7581609891693     
   315.09699999999998        1406.2433427143717     
   316.09699999999998        1408.7346615128899     
   317.09699999999998        1411.2327811617790     
   318.09699999999998        1413.7382989898142     
   319.09699999999998        1416.2517492067368     
   320.09699999999998        1418.7736060893601     
   321.09699999999998        1421.3042870302081     
   322.09699999999998        1423.8441554541782     
   323.09699999999998        1426.3935236085247     
   324.09699999999998        1428.9526552313166     
   325.09699999999998        1431.5217681032884     
   326.09699999999998        1434.1010364878980     
   327.09699999999998        1436.6905934641834     
   328.09699999999998        1439.2905331568616     
   329.09699999999998        1441.9009128679415     
   330.09699999999998        1444.5217551139858     
   331.09699999999998        1447.1530495729585     
   332.09699999999998        1449.7947549444739     
   333.09699999999998        1452.4465809132832     
   334.09699999999998        1454.9245046702490     
   335.09699999999998        1457.3794953186461     
   336.09699999999998        1459.8137420303574     
   337.09699999999998        1462.2293207551011     
   338.09699999999998        1464.6281986252366     
   339.09699999999998        1467.0122382160812     
   340.09699999999998        1469.3832016647677     
   341.09699999999998        1471.7427546507888     
   342.09699999999998        1474.0924702414679     
   343.09699999999998        1476.4338326056270     
   344.09699999999998        1478.7682405988014     
   345.09699999999998        1481.0970112233938     
   346.09699999999998        1483.4213829671119     
   347.09699999999998        1485.7425190231238     
   348.09699999999998        1488.0615103952682     
   349.09699999999998        1490.3793788917235     
   350.09699999999998        1492.6970800104175     
   351.09699999999998        1495.0155057195079     
   352.09699999999998        1497.3354871361917     
   353.09699999999998        1499.6577971069944     
   354.09699999999998        1501.9831526927578     
   355.09699999999998        1504.3122175613514     
   356.09699999999998        1506.6456042911880     
   357.09699999999998        1508.9838765884840     
   358.09699999999998        1511.3275514211568     
   359.09699999999998        1513.6771010721930     
   360.09699999999998        1516.0329551152820     
   361.09699999999998        1518.3955023153253     
   362.09699999999998        1520.7650924565376     
   363.09699999999998        1523.1420381005810     
   364.09699999999998        1525.5266162773000     
   365.09699999999998        1527.9190701104012     
   366.09699999999998        1530.3196103804137     
   367.09699999999998        1532.7284170272267     
   368.09699999999998        1535.1456405943359     
   369.09699999999998        1537.5714036169898     
   370.09699999999998        1540.0058019562168     
   371.09699999999998        1542.4489060807875     
   372.09699999999998        1544.9007622989814     
   373.09699999999998        1547.3613939420513     
   374.09699999999998        1549.8308025011645     
   375.09699999999998        1552.3089687195529     
   376.09699999999998        1554.7958536415520     
   377.09699999999998        1557.2736871766199     
   378.09699999999998        1559.6024231994093     
   379.09699999999998        1561.9119915120048     
   380.09699999999998        1564.2040140983490     
   381.09699999999998        1566.4800386950681     
   382.09699999999998        1568.7415413477875     
   383.09699999999998        1570.9899288933600     
   384.09699999999998        1573.2265413693965     
   385.09699999999998        1575.4526543524721     
   386.09699999999998        1577.6694812264511     
   387.09699999999998        1579.8781753824194     
   388.09699999999998        1582.0798323516960     
   389.09699999999998        1584.2754918734452     
   390.09699999999998        1586.4661398984210     
   391.09699999999998        1588.6527105303448     
   392.09699999999998        1590.8360879064778     
   393.09699999999998        1593.0171080188957     
   394.09699999999998        1595.1965604779818     
   395.09699999999998        1597.3751902196750     
   396.09699999999998        1599.5536991579395     
   397.09699999999998        1601.7327477839533     
   398.09699999999998        1603.9129567134951     
   399.09699999999998        1606.0949081839262     
   400.09699999999998        1608.2791475022707     
   401.09699999999998        1610.4661844457028     
   402.09699999999998        1612.6564946158867     
   403.09699999999998        1614.8505207484950     
   404.09699999999998        1617.0486739792291     
   405.09699999999998        1619.2513350676393     
   406.09699999999998        1621.4588555800276     
   407.09699999999998        1623.6715590326598     
   408.09699999999998        1625.8897419965090     
   409.09699999999998        1628.1136751647271     
   410.09699999999998        1630.3436043839761     
   411.09699999999998        1632.5797516507735     
   412.09699999999998        1634.8223160739301     
   413.09699999999998        1637.0714748041817     
   414.09699999999998        1639.3273839320182     
   415.09699999999998        1641.5901793547550     
   416.09699999999998        1643.8599776138315     
   417.09699999999998        1646.1368767032811     
   418.09699999999998        1648.4209568503161     
   419.09699999999998        1650.7122812689415     
   420.09699999999998        1653.0108968874520     
   421.09699999999998        1655.3168350507142     
   422.09699999999998        1657.6301121979852     
   423.09699999999998        1659.9507305171689     
   424.09699999999998        1662.2786785762021     
   425.09699999999998        1664.6139319323813     
   426.09699999999998        1666.9564537203482     
   427.09699999999998        1669.2403369342421     
   428.09699999999998        1671.4258408483934     
   429.09699999999998        1673.5955556941385     
   430.09699999999998        1675.7506731265923     
   431.09699999999998        1677.8923364410189     
   432.09699999999998        1680.0216420473969     
   433.09699999999998        1682.1396409071665     
   434.09699999999998        1684.2473399327698     
   435.09699999999998        1686.3457033506263     
   436.09699999999998        1688.4356540281667     
   437.09699999999998        1690.5180747656054     
   438.09699999999998        1692.5938095531055     
   439.09699999999998        1694.6636647940031     
   440.09699999999998        1696.7284104948110     
   441.09699999999998        1698.7887814226490     
   442.09699999999998        1700.8454782307967     
   443.09699999999998        1702.8991685530943     
   444.09699999999998        1704.9504880678212     
   445.09699999999998        1707.0000415317991     
   446.09699999999998        1709.0484037853553     
   447.09699999999998        1711.0961207288551     
   448.09699999999998        1713.1437102714644     
   449.09699999999998        1715.1916632528091     
   450.09699999999998        1717.2404443381995     
   451.09699999999998        1719.2904928880600     
   452.09699999999998        1721.3422238022176     
   453.09699999999998        1723.3960283396814     
   454.09699999999998        1725.4522749145322     
   455.09699999999998        1727.5113098685433     
   456.09699999999998        1729.5734582211524     
   457.09699999999998        1731.6390243973326     
   458.09699999999998        1733.7082929340054     
   459.09699999999998        1735.7815291655202     
   460.09699999999998        1737.8589798888029     
   461.09699999999998        1739.9408740086790     
   462.09699999999998        1742.0274231639598     
   463.09699999999998        1744.1188223347672     
   464.09699999999998        1746.2152504316584     
   465.09699999999998        1748.3168708670430     
   466.09699999999998        1750.4238321093474     
   467.09699999999998        1752.5362682204875     
   468.09699999999998        1754.6542993770352     
   469.09699999999998        1756.7780323755958     
   470.09699999999998        1758.9075611228282     
   471.09699999999998        1761.0429671105308     
   472.09699999999998        1763.1843198762540     
   473.09699999999998        1765.3316774498128     
   474.09699999999998        1767.4850867861346     
   475.09699999999998        1769.6445841848470     
   476.09699999999998        1771.8101956969294     
   477.09699999999998        1773.9819375188981     
   478.09699999999998        1776.1598163747933     
   479.09699999999998        1778.3438298864087     
   480.09699999999998        1780.5339669320244     
   481.09699999999998        1782.7302079940587     
   482.09699999999998        1784.9325254959219     
   483.09699999999998        1787.1145910479509     
   484.09699999999998        1789.1742377869023     
   485.09699999999998        1791.2203236233865     
   486.09699999999998        1793.2537433778393     
   487.09699999999998        1795.2753598646686     
   488.09699999999998        1797.2860047539691     
   489.09699999999998        1799.2864794138166     
   490.09699999999998        1801.2775557333659     
   491.09699999999998        1803.2599769270466     
   492.09699999999998        1805.2344583201425     
   493.09699999999998        1807.2016881160660     
   494.09699999999998        1809.1623281455677     
   495.09699999999998        1811.1170145982451     
   496.09699999999998        1813.0663587366096     
   497.09699999999998        1815.0109475930469     
   498.09699999999998        1816.9513446499452     
   499.09699999999998        1818.8880905033520     
   500.09699999999998        1820.8217035104171     
   501.09699999999998        1822.7526804209672     
   502.09699999999998        1824.6814969935103     
   503.09699999999998        1826.6086085959821     
   504.09699999999998        1828.5344507915315     
   505.09699999999998        1830.4594399096841     
   506.09699999999998        1832.3839736031332     
   507.09699999999998        1834.3084313905349     
   508.09699999999998        1836.2331751855238     
   509.09699999999998        1838.1585498123234     
   510.09699999999998        1840.0848835081754     
   511.09699999999998        1842.0124884129496     
   512.09699999999998        1843.9416610461469     
   513.09699999999998        1845.8726827716473     
   514.09699999999998        1847.8058202504112     
   515.09699999999998        1849.7413258814984     
   516.09699999999998        1851.6794382315691     
   517.09699999999998        1853.6203824532324     
   518.09699999999998        1855.5643706924393     
   519.09699999999998        1857.5116024852005     
   520.09699999999998        1859.4622651438910     
   521.09699999999998        1861.4165341333899     
   522.09699999999998        1863.3745734372499     
   523.09699999999998        1865.3365359142413     
   524.09699999999998        1867.3025636453835     
   525.09699999999998        1869.2727882717986     
   526.09699999999998        1871.2473313235471     
   527.09699999999998        1873.2263045396894     
   528.09699999999998        1875.2098101798060     
   529.09699999999998        1877.1979413271629     
   530.09699999999998        1879.1907821837394     
   531.09699999999998        1881.1884083573386     
   532.09699999999998        1883.1908871409546     
   533.09699999999998        1885.1982777846076     
   534.09699999999998        1887.2106317598329     
   535.09699999999998        1889.2279930170207     
   536.09699999999998        1891.2503982357646     
   537.09699999999998        1893.2778770684204     
   538.09699999999998        1895.3104523770480     
   539.09699999999998        1897.3481404638940     
   540.09699999999998        1899.3909512955777     
   541.09699999999998        1901.4388887211771     
   542.09699999999998        1903.4919506843282     
   543.09699999999998        1905.5501294295179     
   544.09699999999998        1907.6134117027250     
   545.09699999999998        1909.6817789465390     
   546.09699999999998        1911.7552074899152     
   547.09699999999998        1913.7624364954934     
   548.09699999999998        1915.6957010988565     
   549.09699999999998        1917.6177743786307     
   550.09699999999998        1919.5293137520412     
   551.09699999999998        1921.4309558045270     
   552.09699999999998        1923.3233167862250     
   553.09699999999998        1925.2069930985342     
   554.09699999999998        1927.0825617708736     
   555.09699999999998        1928.9505809277925     
   556.09699999999998        1930.8115902465258     
   557.09699999999998        1932.6661114051453     
   558.09699999999998        1934.5146485214343     
   559.09699999999998        1936.3576885826151     
   560.09699999999998        1938.1957018660660     
   561.09699999999998        1940.0291423511630     
   562.09699999999998        1941.8584481224100     
   563.09699999999998        1943.6840417639321     
   564.09699999999998        1945.5063307455612     
   565.09699999999998        1947.3257078005786     
   566.09699999999998        1949.1425512952790     
   567.09699999999998        1950.9572255905077     
   568.09699999999998        1952.7700813953156     
   569.09699999999998        1954.5814561128259     
   570.09699999999998        1956.3916741785117     
   571.09699999999998        1958.2010473909741     
   572.09699999999998        1960.0098752353967     
   573.09699999999998        1961.8184451997756     
   574.09699999999998        1963.6270330840875     
   575.09699999999998        1965.4359033025260     
   576.09699999999998        1967.2453091789309     
   577.09699999999998        1969.0554932355369     
   578.09699999999998        1970.8666874752091     
   579.09699999999998        1972.6791136572176     
   580.09699999999998        1974.4929835667936     
   581.09699999999998        1976.3084992784627     
   582.09699999999998        1978.1258534133958     
   583.09699999999998        1979.9452293908114     
   584.09699999999998        1981.7668016736102     
   585.09699999999998        1983.5907360083384     
   586.09699999999998        1985.4171896595842     
   587.09699999999998        1987.2463116389526     
   588.09699999999998        1989.0782429287071     
   589.09699999999998        1990.9131167002142     
   590.09699999999998        1992.7510585272760     
   591.09699999999998        1994.5921865944745     
   592.09699999999998        1996.4366119006443     
   593.09699999999998        1998.2844384575501     
   594.09699999999998        2000.1357634838982     
   595.09699999999998        2001.9906775947854     
   596.09699999999998        2003.8492649866528     
   597.09699999999998        2005.7116036178791     
   598.09699999999998        2007.5777653850935     
   599.09699999999998        2009.4478162953076     
   600.09699999999998        2011.3218166339332     
   601.09699999999998        2013.1998211288435     
   602.09699999999998        2015.0818791104716     
   603.09699999999998        2016.9680346681205     
   604.09699999999998        2018.8583268025291     
   605.09699999999998        2020.7527895747717     
   606.09699999999998        2022.6514522515911     
   607.09699999999998        2024.5543394472481     
   608.09699999999998        2026.4614712619536     
   609.09699999999998        2028.3728634169627     
   610.09699999999998        2030.2885273864192     
   611.09699999999998        2032.2084705260047     
   612.09699999999998        2034.1326961984914     
   613.09699999999998        2036.0612038962372     
   614.09699999999998        2037.9939893607236     
   615.09699999999998        2039.9310446991915     
   616.09699999999998        2041.8723584984330     
   617.09699999999998        2043.8179159358235     
   618.09699999999998        2045.7676988876265     
   619.09699999999998        2047.6637097315097     
   620.09699999999998        2049.4828717639198     
   621.09699999999998        2051.2925717475623     
   622.09699999999998        2053.0932987952829     
   623.09699999999998        2054.8855283364965     
   624.09699999999998        2056.6697224053637     
   625.09699999999998        2058.4463299238582     
   626.09699999999998        2060.2157869798407     
   627.09699999999998        2061.9785171001467     
   628.09699999999998        2063.7349315187798     
   629.09699999999998        2065.4854294402467     
   630.09699999999998        2067.2303982981216     
   631.09699999999998        2068.9702140088370     
   632.09699999999998        2070.7052412208418     
   633.09699999999998        2072.4358335591241     
   634.09699999999998        2074.1623338651966     
   635.09699999999998        2075.8850744325850     
   636.09699999999998        2077.6043772378994     
   637.09699999999998        2079.3205541675275     
   638.09699999999998        2081.0339072400470     
   639.09699999999998        2082.7447288243852     
   640.09699999999998        2084.4533018538145     
   641.09699999999998        2086.1599000358242     
   642.09699999999998        2087.8647880579497     
   643.09699999999998        2089.5682217896288     
   644.09699999999998        2091.2704484801093     
   645.09699999999998        2092.9717069525118     
   646.09699999999998        2094.6722277940967     
   647.09699999999998        2096.3722335427865     
   648.09699999999998        2098.0719388699990     
   649.09699999999998        2099.7715507599091     
   650.09699999999998        2101.4712686851062     
   651.09699999999998        2103.1712847787880     
   652.09699999999998        2104.8717840035101     
   653.09699999999998        2106.5729443165637     
   654.09699999999998        2108.2749368320360     
   655.09699999999998        2109.9779259796051     
   656.09699999999998        2111.6820696601494     
   657.09699999999998        2113.3875193981962     
   658.09699999999998        2115.0944204912839     
   659.09699999999998        2116.8029121563004     
   660.09699999999998        2118.5131276728443     
   661.09699999999998        2120.2251945236449     
   662.09699999999998        2121.9392345321294     
   663.09699999999998        2123.6553639971617     
   664.09699999999998        2125.3736938250213     
   665.09699999999998        2127.0943296586747     
   666.09699999999998        2128.8173720043637     
   667.09699999999998        2130.5429163555932     
   668.09699999999998        2132.2710533145646     
   669.09699999999998        2134.0018687110642     
   670.09699999999998        2135.7354437189169     
   671.09699999999998        2137.4718549700033     
   672.09699999999998        2139.2111746658902     
   673.09699999999998        2140.9534706871609     
   674.09699999999998        2142.6988067004390     
   675.09699999999998        2144.4472422631789     
   676.09699999999998        2146.1988329262699     
   677.09699999999998        2147.9536303344735     
   678.09699999999998        2149.7116823247575     
   679.09699999999998        2151.4730330225575     
   680.09699999999998        2153.2377229360027     
   681.09699999999998        2155.0057890481912     
   682.09699999999998        2156.7772649074477     
   683.09699999999998        2158.5521807157379     
   684.09699999999998        2160.3305634151666     
   685.09699999999998        2162.1124367726557     
   686.09699999999998        2163.8978214628337     
   687.09699999999998        2165.6867351491451     
   688.09699999999998        2167.4791925632326     
   689.09699999999998        2169.2752055826495     
   690.09699999999998        2171.0747833068867     
   691.09699999999998        2172.8779321317843     
   692.09699999999998        2174.6846558223638     
   693.09699999999998        2176.4949555840781     
   694.09699999999998        2178.3088301325583     
   695.09699999999998        2180.1262757618292     
   696.09699999999998        2181.9472864111003     
   697.09699999999998        2183.7718537300857     
   698.09699999999998        2185.5999671429349     
   699.09699999999998        2187.4316139107755     
   700.09699999999998        2189.2667791929157     
   701.09699999999998        2190.9975666934679     
   702.09699999999998        2192.7050446243329     
   703.09699999999998        2194.4047198926878     
   704.09699999999998        2196.0969514816284     
   705.09699999999998        2197.7820894795800     
   706.09699999999998        2199.4604752460436     
   707.09699999999998        2201.1324415747954     
   708.09699999999998        2202.7983128544929     
   709.09699999999998        2204.4584052267719     
   710.09699999999998        2206.1130267418266     
   711.09699999999998        2207.7624775115128     
   712.09699999999998        2209.4070498599876     
   713.09699999999998        2211.0470284719217     
   714.09699999999998        2212.6826905383068     
   715.09699999999998        2214.3143058999026     
   716.09699999999998        2215.9421371883136     
   717.09699999999998        2217.5664399647494     
   718.09699999999998        2219.1874628565079     
   719.09699999999998        2220.8054476911866     
   720.09699999999998        2222.4206296286443     
   721.09699999999998        2224.0332372907592     
   722.09699999999998        2225.6434928890321     
   723.09699999999998        2227.2516123499877     
   724.09699999999998        2228.8578054385089     
   725.09699999999998        2230.4622758790365     
   726.09699999999998        2232.0652214747088     
   727.09699999999998        2233.6668342244730     
   728.09699999999998        2235.2673004381818     
   729.09699999999998        2236.8668008497084     
   730.09699999999998        2238.4655107280860     
   731.09699999999998        2240.0635999867718     
   732.09699999999998        2241.6612332909549     
   733.09699999999998        2243.2585701630192     
   734.09699999999998        2244.8557650861835     
   735.09699999999998        2246.4529676062784     
   736.09699999999998        2248.0503224317667     
   737.09699999999998        2249.6479695320108     
   738.09699999999998        2251.2460442337533     
   739.09699999999998        2252.8446773159594     
   740.09699999999998        2254.4439951029085     
   741.09699999999998        2256.0441195556864     
   742.09699999999998        2257.6451683619916     
   743.09699999999998        2259.2472550243942     
   744.09699999999998        2260.8504889469546     
   745.09699999999998        2262.4549755203434     
   746.09699999999998        2264.0608162053954     
   747.09699999999998        2265.6681086151552     
   748.09699999999998        2267.2769465954711     
   749.09699999999998        2268.8874203041050     
   750.09699999999998        2270.4996162884186     
   751.09699999999998        2272.1136175616439     
   752.09699999999998        2273.7295036777787     
   753.09699999999998        2275.3473508051015     
   754.09699999999998        2276.9672317983523     
   755.09699999999998        2278.5892162695995     
   756.09699999999998        2280.2133706578097     
   757.09699999999998        2281.8397582971215     
   758.09699999999998        2283.4684394838910     
   759.09699999999998        2285.0994715424895     
   760.09699999999998        2286.7329088898941     
   761.09699999999998        2288.3688030990907     
   762.09699999999998        2290.0072029612952     
   763.09699999999998        2291.6481545470315     
   764.09699999999998        2293.2917012660805     
   765.09699999999998        2294.9378839263100     
   766.09699999999998        2296.5867407914102     
   767.09699999999998        2298.2383076375831     
   768.09699999999998        2299.8926178091137     
   769.09699999999998        2301.5497022729946     
   770.09699999999998        2303.2095896724368     
   771.09699999999998        2304.8723063794632     
   772.09699999999998        2306.5378765464598     
   773.09699999999998        2308.2063221567901     
   774.09699999999998        2309.8776630744483     
   775.09699999999998        2311.5519170927887     
   776.09699999999998        2313.2290999823399     
   777.09699999999998        2314.9092255377077     
   778.09699999999998        2316.5923056236011     
   779.09699999999998        2318.2783502200082     
   780.09699999999998        2319.9673674664773     
   781.09699999999998        2321.6593637056076     
   782.09699999999998        2323.3543435256879     
   783.09699999999998        2325.0523098025369     
   784.09699999999998        2326.7532637405525     
   785.09699999999998        2328.4572049129829     
   786.09699999999998        2330.1641313014206     
   787.09699999999998        2331.8740393345570     
   788.09699999999998        2333.5869239262183     
   789.09699999999998        2335.3027785126155     
   790.09699999999998        2337.0215950889660     
   791.09699999999998        2338.7433642453475     
   792.09699999999998        2340.4680752019149     
   793.09699999999998        2342.1353511102729     
   794.09699999999998        2343.7439960520528     
   795.09699999999998        2345.3459832610743     
   796.09699999999998        2346.9415808699946     
   797.09699999999998        2348.5310511548278     
   798.09699999999998        2350.1146506313189     
   799.09699999999998        2351.6926301499675     
   800.09699999999998        2353.2652349897708     
   801.09699999999998        2354.8327049506292     
   802.09699999999998        2356.3952744444887     
   803.09699999999998        2357.9531725852084     
   804.09699999999998        2359.5066232771519     
   805.09699999999998        2361.0558453025055     
   806.09699999999998        2362.6010524073895     
   807.09699999999998        2364.1424533867389     
   808.09699999999998        2365.6802521679069     
   809.09699999999998        2367.2146478931468     
   810.09699999999998        2368.7458350008237     
   811.09699999999998        2370.2740033055052     
   812.09699999999998        2371.7993380768335     
   813.09699999999998        2373.3220201172753     
   814.09699999999998        2374.8422258387272     
   815.09699999999998        2376.3601273379481     
   816.09699999999998        2377.8758924709323     
   817.09699999999998        2379.3896849261287     
   818.09699999999998        2380.9016642965994     
   819.09699999999998        2382.4119861510812     
   820.09699999999998        2383.9208021039653     
   821.09699999999998        2385.4282598842760     
   822.09699999999998        2386.9345034035350     
   823.09699999999998        2388.4396728226525     
   824.09699999999998        2389.9439046177690     
   825.09699999999998        2391.4473316451208     
   826.09699999999998        2392.9500832048775     
   827.09699999999998        2394.4522851040419     
   828.09699999999998        2395.9540597183391     
   829.09699999999998        2397.4555260531988     
   830.09699999999998        2398.9567998037510     
   831.09699999999998        2400.4579934139183     
   832.09699999999998        2401.9592161346036     
   833.09699999999998        2403.4605740809193     
   834.09699999999998        2404.9621702885879     
   835.09699999999998        2406.4641047694154     
   836.09699999999998        2407.9664745659211     
   837.09699999999998        2409.4693738050983     
   838.09699999999998        2410.9728937513210     
   839.09699999999998        2412.4771228584377     
   840.09699999999998        2413.9821468210430     
   841.09699999999998        2415.4880486249017     
   842.09699999999998        2416.9949085966182     
   843.09699999999998        2418.5028044524861     
   844.09699999999998        2420.0118113465828     
   845.09699999999998        2421.5220019180697     
   846.09699999999998        2423.0334463377822     
   847.09699999999998        2424.5462123540187     
   848.09699999999998        2426.0603653376384     
   849.09699999999998        2427.5759683264237     
   850.09699999999998        2429.0930820687158     
   851.09699999999998        2430.6117650663723     
   852.09699999999998        2432.1320736170096     
   853.09699999999998        2433.6540618555709     
   854.09699999999998        2435.1777817952457     
   855.09699999999998        2436.7032833676808     
   856.09699999999998        2438.2306144625741     
   857.09699999999998        2439.7598209666153     
   858.09699999999998        2441.2909468018065     
   859.09699999999998        2442.8240339631238     
   860.09699999999998        2444.3591225556042     
   861.09699999999998        2445.8962508307995     
   862.09699999999998        2447.4354552226655     
   863.09699999999998        2448.9767703828152     
   864.09699999999998        2450.5202292152649     
   865.09699999999998        2452.0658629105242     
   866.09699999999998        2453.6137009791983     
   867.09699999999998        2455.1637712850197     
   868.09699999999998        2456.7161000772990     
   869.09699999999998        2458.2707120228979     
   870.09699999999998        2459.8276302376253     
   871.09699999999998        2461.3868763171622     
   872.09699999999998        2462.9484703674266     
   873.09699999999998        2464.5124310344718     
   874.09699999999998        2466.0787755338783     
   875.09699999999998        2467.6475196796500     
   876.09699999999998        2469.2186779126491     
   877.09699999999998        2470.7922633285434     
   878.09699999999998        2472.3682877052902     
   879.09699999999998        2473.9467615301755     
   880.09699999999998        2475.5276940263830     
   881.09699999999998        2477.1110931791341     
   882.09699999999998        2478.6969657614031     
   883.09699999999998        2480.2853173591548     
   884.09699999999998        2481.8761523962380     
   885.09699999999998        2483.4694741587682     
   886.09699999999998        2485.0652848191944     
   887.09699999999998        2486.6635854598921     
   888.09699999999998        2488.2643760963961     
   889.09699999999998        2489.8676557002427     
   890.09699999999998        2491.4734222213947     
   891.09699999999998        2493.0816726103412     
   892.09699999999998        2494.6924028397907     
   893.09699999999998        2496.3056079259877     
   894.09699999999998        2497.9212819497143     
   895.09699999999998        2499.5394180768849     
   896.09699999999998        2501.1600085788364     
   897.09699999999998        2502.7830448522495     
   898.09699999999998        2504.2988862290208     
   899.09699999999998        2505.8090088034578     
   900.09699999999998        2507.3136372147073     
   901.09699999999998        2508.8129681630062     
   902.09699999999998        2510.3071945448846     
   903.09699999999998        2511.7965055085419     
   904.09699999999998        2513.2810865085271     
   905.09699999999998        2514.7611193598000     
   906.09699999999998        2516.2367822910528     
   907.09699999999998        2517.7082499974545     
   908.09699999999998        2519.1756936926977     
   909.09699999999998        2520.6392811604042     
   910.09699999999998        2522.0991768048998     
   911.09699999999998        2523.5555417013375     
   912.09699999999998        2525.0085336452025     
   913.09699999999998        2526.4583072011865     
   914.09699999999998        2527.9050137514473     
   915.09699999999998        2529.3488015432340     
   916.09699999999998        2530.7898157359364     
   917.09699999999998        2532.2281984474862     
   918.09699999999998        2533.6640888002125     
   919.09699999999998        2535.0976229660664     
   920.09699999999998        2536.5289342112451     
   921.09699999999998        2537.9581529403035     
   922.09699999999998        2539.3854067396160     
   923.09699999999998        2540.8108204203022     
   924.09699999999998        2542.2345160605905     
   925.09699999999998        2543.6566130476176     
   926.09699999999998        2545.0772281186742     
   927.09699999999998        2546.4964754019056     
   928.09699999999998        2547.9144664564510     
   929.09699999999998        2549.3313103121131     
   930.09699999999998        2550.7471135083974     
   931.09699999999998        2552.1619801331149     
   932.09699999999998        2553.5760118604344     
   933.09699999999998        2554.9893079884005     
   934.09699999999998        2556.4019654759695     
   935.09699999999998        2557.8140789795575     
   936.09699999999998        2559.2257408890582     
   937.09699999999998        2560.6370413633817     
   938.09699999999998        2562.0480683655333     
   939.09699999999998        2563.4589076971743     
   940.09699999999998        2564.8696430327414     
   941.09699999999998        2566.2803559530771     
   942.09699999999998        2567.6911259786043     
   943.09699999999998        2569.1020306020609     
   944.09699999999998        2570.5131453207473     
   945.09699999999998        2571.9245436683555     
   946.09699999999998        2573.3362972463565     
   947.09699999999998        2574.7484757549269     
   948.09699999999998        2576.1611470234739     
   949.09699999999998        2577.5743770407316     
   950.09699999999998        2578.9882299844016     
   951.09699999999998        2580.4027682504525     
   952.09699999999998        2581.8180524819045     
   953.09699999999998        2583.2341415973178     
   954.09699999999998        2584.6510928188195     
   955.09699999999998        2586.0689616997270     
   956.09699999999998        2587.4878021518257     
   957.09699999999998        2588.9076664722415     
   958.09699999999998        2590.3286053699130     
   959.09699999999998        2591.7506679917092     
   960.09699999999998        2593.1739019482034     
   961.09699999999998        2594.5983533390158     
   962.09699999999998        2596.0240667778448     
   963.09699999999998        2597.4510854171408     
   964.09699999999998        2598.8794509724016     
   965.09699999999998        2600.3092037461452     
   966.09699999999998        2601.7403826515256     
   967.09699999999998        2603.1730252356233     
   968.09699999999998        2604.6071677023788     
   969.09699999999998        2606.0428449352298     
   970.09699999999998        2607.4800905194015     
   971.09699999999998        2608.9189367638751     
   972.09699999999998        2610.3594147230488     
   973.09699999999998        2611.8015542180856     
   974.09699999999998        2613.2453838579445     
   975.09699999999998        2614.6909310601386     
   976.09699999999998        2616.1382220711248     
   977.09699999999998        2617.5872819864835     
   978.09699999999998        2619.0381347707407     
   979.09699999999998        2620.4908032769390     
   980.09699999999998        2621.9453092658964     
   981.09699999999998        2623.4016734252255     
   982.09699999999998        2624.8599153880250     
   983.09699999999998        2626.3200537513412     
   984.09699999999998        2627.7821060943293     
   985.09699999999998        2629.2460889961785     
   986.09699999999998        2630.7120180537568     
   987.09699999999998        2632.1799078989952     
   988.09699999999998        2633.6497722160320     
   989.09699999999998        2635.1216237580957     
   990.09699999999998        2636.5954743641369     
   991.09699999999998        2638.0713349752327     
   992.09699999999998        2639.5492156507266     
   993.09699999999998        2641.0291255841557     
   994.09699999999998        2642.5110731189270     
   995.09699999999998        2643.9950657637605     
   996.09699999999998        2645.4811102079266     
   997.09699999999998        2646.9692123362252     
   998.09699999999998        2648.4593772437852     
   999.09699999999998        2649.9516092505928     
   1000.0970000000000        2651.4459119158641     
